1.123402953147888184e+00
9.186457395553588867e-01
8.773202896118164062e-01
8.557220101356506348e-01
8.436682820320129395e-01
8.351798653602600098e-01
8.315207362174987793e-01
8.250215649604797363e-01
8.218145370483398438e-01
8.178866505622863770e-01
8.118496537208557129e-01
8.106824159622192383e-01
8.064687252044677734e-01
8.037831783294677734e-01
8.015462756156921387e-01
7.998234033584594727e-01
7.978134155273437500e-01
7.964186072349548340e-01
7.929340600967407227e-01
7.904881238937377930e-01
