7.762145888888889456e-01
8.079391888888888262e-01
8.273630983333333244e-01
8.388385077777777976e-01
8.443335866666665801e-01
8.543030050000000042e-01
8.593646150000000539e-01
8.630691205555555134e-01
8.684104299999999554e-01
8.711131561111111754e-01
8.786986316666667296e-01
8.833985038888889640e-01
8.893320038888887780e-01
8.939168855555555959e-01
8.973273261111111010e-01
9.011847394444445492e-01
9.055649222222221795e-01
9.083573738888888194e-01
9.104121999999998938e-01
9.129528461111111604e-01
